Dim: 1
2 100000
2 400000
2 700000
2 1000000
2 1300000
2 1600000
2 1900000
2 2200000
2 2500000
2 2800000
Explicit: 2
Dim: 2
3.13668 100000
3.14428 400000
3.139491429 700000
3.141652 1000000
3.137452308 1300000
3.1375825 1600000
3.13668 1900000
3.139265455 2200000
3.1392608 2500000
3.135757143 2800000
Explicit: 3.14159262
Dim: 3
4.17808 100000
4.17662 400000
4.1728 700000
4.183888 1000000
4.183593846 1300000
4.17875 1600000
4.179591579 1900000
4.177141818 2200000
4.18112 2500000
4.180522857 2800000
Explicit: 4.18879016
Dim: 4
4.89808 100000
4.90952 400000
4.917417143 700000
4.921504 1000000
4.922350769 1300000
4.92131 1600000
4.918248421 1900000
4.928509091 2200000
4.922944 2500000
4.926885714 2800000
Explicit: 4.934802095
Dim: 5
5.22912 100000
5.26104 400000
5.253897143 700000
5.251744 1000000
5.256566154 1300000
5.25802 1600000
5.264033684 1900000
5.259854545 2200000
5.2582656 2500000
5.259771429 2800000
Explicit: 5.263788901
Dim: 6
5.14368 100000
5.12784 400000
5.158125714 700000
5.168 1000000
5.165587692 1300000
5.1868 1600000
5.173827368 1900000
5.179316364 2200000
5.178624 2500000
5.18256 2800000
Explicit: 5.167712614
Dim: 7
4.59392 100000
4.71648 400000
4.726674286 700000
4.735488 1000000
4.743876923 1300000
4.74184 1600000
4.779048421 1900000
4.736698182 2200000
4.7616 2500000
4.750491429 2800000
Explicit: 4.724765819
Dim: 8
4.02176 100000
4.01344 400000
4.057965714 700000
4.091136 1000000
4.086547692 1300000
4.06032 1600000
4.079562105 1900000
4.081105455 2200000
4.0845312 2500000
4.104228571 2800000
Explicit: 4.058711953
Dim: 9
3.33312 100000
3.26528 400000
3.257051429 700000
3.300864 1000000
3.285464615 1300000
3.32576 1600000
3.309406316 1900000
3.394327273 2200000
3.3656832 2500000
3.308982857 2800000
Explicit: 3.298508762
Dim: 10
2.6112 100000
2.74176 400000
2.558537143 700000
2.578432 1000000
2.578904615 1300000
2.58624 1600000
2.575090526 1900000
2.550690909 2200000
2.5690112 2500000
2.583771429 2800000
Explicit: 2.550163904
